st_No	s_No	p_No	st_Count
1	1	1	47
2	2	1	81
3	3	1	87
4	4	1	11
5	5	1	94
6	6	1	0
7	7	1	52
8	8	1	9
9	9	1	79
10	10	1	98
11	1	2	49
12	2	2	44
13	3	2	8
14	4	2	57
15	5	2	62
16	6	2	19
17	7	2	98
18	8	2	0
19	9	2	77
20	10	2	92
21	1	3	53
22	2	3	0
23	3	3	62
24	4	3	0
25	5	3	91
26	6	3	54
27	7	3	76
28	8	3	0
29	9	3	8
30	10	3	27
31	1	4	0
32	2	4	0
33	3	4	0
34	4	4	0
35	5	4	99
36	6	4	9
37	7	4	3
38	8	4	1
39	9	4	37
40	10	4	99
41	1	5	67
42	2	5	58
43	3	5	49
44	4	5	42
45	5	5	49
46	6	5	18
47	7	5	82
48	8	5	0
49	9	5	43
50	10	5	97
51	1	6	18
52	2	6	38
53	3	6	94
54	4	6	29
55	5	6	0
56	6	6	19
57	7	6	19
58	8	6	0
59	9	6	23
60	10	6	92
61	1	7	77
62	2	7	89
63	3	7	59
64	4	7	12
65	5	7	94
66	6	7	34
67	7	7	36
68	8	7	22
69	9	7	79
70	10	7	58
71	1	8	0
72	2	8	98
73	3	8	62
74	4	8	0
75	5	8	0
76	6	8	36
77	7	8	9
78	8	8	19
79	9	8	77
80	10	8	72
81	1	9	21
82	2	9	21
83	3	9	89
84	4	9	14
85	5	9	99
86	6	9	23
87	7	9	8
88	8	9	2
89	9	9	86
90	10	9	0
91	1	10	46
92	2	10	47
93	3	10	0
94	4	10	0
95	5	10	6
96	6	10	94
97	7	10	12
98	8	10	52
99	9	10	34
100	10	10	83
101	1	11	73
102	2	11	0
103	3	11	36
104	4	11	0
105	5	11	0
106	6	11	71
107	7	11	61
108	8	11	31
109	9	11	97
110	10	11	97
111	1	12	63
112	2	12	0
113	3	12	69
114	4	12	0
115	5	12	0
116	6	12	61
117	7	12	21
118	8	12	66
119	9	12	29
120	10	12	0
121	1	13	32
122	2	13	0
123	3	13	62
124	4	13	58
125	5	13	82
126	6	13	31
127	7	13	32
128	8	13	3
129	9	13	62
130	10	13	87
131	1	14	33
132	2	14	99
133	3	14	84
134	4	14	53
135	5	14	89
136	6	14	66
137	7	14	51
138	8	14	98
139	9	14	29
140	10	14	0
141	1	15	41
142	2	15	89
143	3	15	0
144	4	15	14
145	5	15	18
146	6	15	0
147	7	15	84
148	8	15	0
149	9	15	66
150	10	15	0
151	1	16	0
152	2	16	69
153	3	16	0
154	4	16	69
155	5	16	76
156	6	16	14
157	7	16	53
158	8	16	41
159	9	16	24
160	10	16	0
161	1	17	59
162	2	17	0
163	3	17	53
164	4	17	0
165	5	17	6
166	6	17	79
167	7	17	67
168	8	17	21
169	9	17	57
170	10	17	54
171	1	18	74
172	2	18	24
173	3	18	56
174	4	18	3
175	5	18	11
176	6	18	0
177	7	18	83
178	8	18	18
179	9	18	29
180	10	18	87
181	1	19	0
182	2	19	88
183	3	19	99
184	4	19	11
185	5	19	24
186	6	19	0
187	7	19	74
188	8	19	17
189	9	19	62
190	10	19	18
191	1	20	47
192	2	20	74
193	3	20	91
194	4	20	62
195	5	20	17
196	6	20	79
197	7	20	58
198	8	20	28
199	9	20	39
200	10	20	6
201	1	21	96
202	2	21	0
203	3	21	9
204	4	21	19
205	5	21	21
206	6	21	0
207	7	21	0
208	8	21	0
209	9	21	0
210	10	21	97
211	1	22	0
212	2	22	68
213	3	22	0
214	4	22	98
215	5	22	39
216	6	22	43
217	7	22	36
218	8	22	0
219	9	22	0
220	10	22	23
221	1	23	59
222	2	23	0
223	3	23	0
224	4	23	38
225	5	23	99
226	6	23	2
227	7	23	82
228	8	23	29
229	9	23	62
230	10	23	17
231	1	24	0
232	2	24	0
233	3	24	19
234	4	24	19
235	5	24	42
236	6	24	29
237	7	24	76
238	8	24	0
239	9	24	74
240	10	24	67
241	1	25	43
242	2	25	72
243	3	25	48
244	4	25	77
245	5	25	86
246	6	25	0
247	7	25	39
248	8	25	0
249	9	25	0
250	10	25	18
251	1	26	64
252	2	26	48
253	3	26	94
254	4	26	78
255	5	26	16
256	6	26	69
257	7	26	26
258	8	26	4
259	9	26	87
260	10	26	0
261	1	27	94
262	2	27	67
263	3	27	72
264	4	27	42
265	5	27	38
266	6	27	21
267	7	27	52
268	8	27	84
269	9	27	41
270	10	27	29
271	1	28	94
272	2	28	0
273	3	28	0
274	4	28	73
275	5	28	87
276	6	28	64
277	7	28	97
278	8	28	0
279	9	28	86
280	10	28	0
281	1	29	61
282	2	29	8
283	3	29	4
284	4	29	0
285	5	29	72
286	6	29	87
287	7	29	47
288	8	29	97
289	9	29	0
290	10	29	26
291	1	30	58
292	2	30	4
293	3	30	0
294	4	30	37
295	5	30	71
296	6	30	33
297	7	30	32
298	8	30	57
299	9	30	61
300	10	30	97
301	1	31	0
302	2	31	0
303	3	31	21
304	4	31	0
305	5	31	59
306	6	31	81
307	7	31	4
308	8	31	98
309	9	31	92
310	10	31	33
311	1	32	14
312	2	32	63
313	3	32	86
314	4	32	49
315	5	32	27
316	6	32	76
317	7	32	64
318	8	32	0
319	9	32	28
320	10	32	13
321	1	33	36
322	2	33	0
323	3	33	11
324	4	33	19
325	5	33	84
326	6	33	47
327	7	33	0
328	8	33	93
329	9	33	77
330	10	33	59
331	1	34	0
332	2	34	14
333	3	34	27
334	4	34	64
335	5	34	64
336	6	34	51
337	7	34	87
338	8	34	93
339	9	34	44
340	10	34	99
341	1	35	0
342	2	35	0
343	3	35	0
344	4	35	69
345	5	35	0
346	6	35	29
347	7	35	3
348	8	35	33
349	9	35	88
350	10	35	49
351	1	36	26
352	2	36	42
353	3	36	0
354	4	36	53
355	5	36	93
356	6	36	34
357	7	36	39
358	8	36	44
359	9	36	69
360	10	36	96
361	1	37	0
362	2	37	67
363	3	37	0
364	4	37	0
365	5	37	62
366	6	37	1
367	7	37	0
368	8	37	17
369	9	37	93
370	10	37	0
371	1	38	41
372	2	38	44
373	3	38	76
374	4	38	48
375	5	38	46
376	6	38	88
377	7	38	0
378	8	38	93
379	9	38	33
380	10	38	8
381	1	39	23
382	2	39	9
383	3	39	58
384	4	39	42
385	5	39	79
386	6	39	0
387	7	39	67
388	8	39	6
389	9	39	23
390	10	39	19
391	1	40	77
392	2	40	86
393	3	40	53
394	4	40	0
395	5	40	59
396	6	40	69
397	7	40	84
398	8	40	56
399	9	40	12
400	10	40	0
401	1	41	97
402	2	41	12
403	3	41	52
404	4	41	31
405	5	41	32
406	6	41	67
407	7	41	16
408	8	41	0
409	9	41	57
410	10	41	2
411	1	42	3
412	2	42	84
413	3	42	53
414	4	42	97
415	5	42	31
416	6	42	72
417	7	42	62
418	8	42	33
419	9	42	58
420	10	42	0
421	1	43	93
422	2	43	69
423	3	43	32
424	4	43	37
425	5	43	0
426	6	43	78
427	7	43	36
428	8	43	94
429	9	43	63
430	10	43	71
431	1	44	0
432	2	44	0
433	3	44	78
434	4	44	22
435	5	44	28
436	6	44	39
437	7	44	0
438	8	44	17
439	9	44	72
440	10	44	61
441	1	45	3
442	2	45	34
443	3	45	33
444	4	45	48
445	5	45	0
446	6	45	31
447	7	45	24
448	8	45	2
449	9	45	0
450	10	45	54
451	1	46	57
452	2	46	0
453	3	46	66
454	4	46	96
455	5	46	86
456	6	46	73
457	7	46	57
458	8	46	34
459	9	46	0
460	10	46	53
461	1	47	87
462	2	47	0
463	3	47	0
464	4	47	23
465	5	47	43
466	6	47	88
467	7	47	0
468	8	47	36
469	9	47	88
470	10	47	38
471	1	48	78
472	2	48	34
473	3	48	0
474	4	48	63
475	5	48	28
476	6	48	94
477	7	48	86
478	8	48	91
479	9	48	56
480	10	48	63
481	1	49	82
482	2	49	19
483	3	49	92
484	4	49	26
485	5	49	92
486	6	49	0
487	7	49	94
488	8	49	2
489	9	49	91
490	10	49	29
491	1	50	72
492	2	50	33
493	3	50	0
494	4	50	0
495	5	50	26
496	6	50	16
497	7	50	64
498	8	50	71
499	9	50	0
500	10	50	0
501	1	51	78
502	2	51	0
503	3	51	94
504	4	51	73
505	5	51	0
506	6	51	47
507	7	51	0
508	8	51	33
509	9	51	0
510	10	51	11
511	1	52	38
512	2	52	76
513	3	52	67
514	4	52	8
515	5	52	22
516	6	52	44
517	7	52	96
518	8	52	9
519	9	52	92
520	10	52	14
521	1	53	81
522	2	53	0
523	3	53	82
524	4	53	84
525	5	53	6
526	6	53	89
527	7	53	13
528	8	53	58
529	9	53	7
530	10	53	78
531	1	54	0
532	2	54	0
533	3	54	68
534	4	54	98
535	5	54	39
536	6	54	34
537	7	54	81
538	8	54	33
539	9	54	9
540	10	54	2
541	1	55	51
542	2	55	72
543	3	55	79
544	4	55	23
545	5	55	13
546	6	55	99
547	7	55	0
548	8	55	26
549	9	55	66
550	10	55	93
551	1	56	26
552	2	56	0
553	3	56	77
554	4	56	0
555	5	56	0
556	6	56	94
557	7	56	51
558	8	56	97
559	9	56	0
560	10	56	53
561	1	57	0
562	2	57	2
563	3	57	69
564	4	57	73
565	5	57	0
566	6	57	8
567	7	57	39
568	8	57	67
569	9	57	97
570	10	57	86
571	1	58	84
572	2	58	56
573	3	58	83
574	4	58	3
575	5	58	0
576	6	58	0
577	7	58	0
578	8	58	0
579	9	58	58
580	10	58	0
581	1	59	83
582	2	59	77
583	3	59	0
584	4	59	92
585	5	59	82
586	6	59	4
587	7	59	13
588	8	59	54
589	9	59	18
590	10	59	72
591	1	60	0
592	2	60	33
593	3	60	0
594	4	60	0
595	5	60	44
596	6	60	22
597	7	60	77
598	8	60	37
599	9	60	41
600	10	60	76
601	1	61	28
602	2	61	67
603	3	61	11
604	4	61	87
605	5	61	37
606	6	61	38
607	7	61	0
608	8	61	37
609	9	61	0
610	10	61	54
611	1	62	0
612	2	62	0
613	3	62	4
614	4	62	0
615	5	62	2
616	6	62	13
617	7	62	72
618	8	62	0
619	9	62	39
620	10	62	49
621	1	63	7
622	2	63	0
623	3	63	0
624	4	63	82
625	5	63	56
626	6	63	31
627	7	63	33
628	8	63	0
629	9	63	49
630	10	63	84
631	1	64	0
632	2	64	92
633	3	64	0
634	4	64	3
635	5	64	52
636	6	64	28
637	7	64	43
638	8	64	82
639	9	64	24
640	10	64	39
641	1	65	78
642	2	65	27
643	3	65	0
644	4	65	0
645	5	65	6
646	6	65	33
647	7	65	84
648	8	65	0
649	9	65	0
650	10	65	0
651	1	66	11
652	2	66	8
653	3	66	52
654	4	66	79
655	5	66	4
656	6	66	17
657	7	66	0
658	8	66	7
659	9	66	3
660	10	66	0
661	1	67	0
662	2	67	46
663	3	67	78
664	4	67	27
665	5	67	0
666	6	67	57
667	7	67	51
668	8	67	41
669	9	67	23
670	10	67	54
671	1	68	32
672	2	68	8
673	3	68	81
674	4	68	61
675	5	68	34
676	6	68	37
677	7	68	11
678	8	68	78
679	9	68	33
680	10	68	96
681	1	69	59
682	2	69	74
683	3	69	42
684	4	69	44
685	5	69	81
686	6	69	0
687	7	69	32
688	8	69	0
689	9	69	31
690	10	69	42
691	1	70	93
692	2	70	68
693	3	70	88
694	4	70	71
695	5	70	26
696	6	70	87
697	7	70	0
698	8	70	38
699	9	70	0
700	10	70	96
701	1	71	18
702	2	71	67
703	3	71	58
704	4	71	2
705	5	71	31
706	6	71	89
707	7	71	1
708	8	71	87
709	9	71	0
710	10	71	0
711	1	72	39
712	2	72	24
713	3	72	64
714	4	72	49
715	5	72	0
716	6	72	28
717	7	72	43
718	8	72	58
719	9	72	99
720	10	72	29
721	1	73	48
722	2	73	72
723	3	73	89
724	4	73	79
725	5	73	41
726	6	73	0
727	7	73	39
728	8	73	16
729	9	73	63
730	10	73	2
731	1	74	42
732	2	74	99
733	3	74	18
734	4	74	0
735	5	74	6
736	6	74	96
737	7	74	71
738	8	74	78
739	9	74	63
740	10	74	0
741	1	75	97
742	2	75	54
743	3	75	0
744	4	75	82
745	5	75	49
746	6	75	13
747	7	75	73
748	8	75	43
749	9	75	14
750	10	75	71
751	1	76	0
752	2	76	0
753	3	76	0
754	4	76	78
755	5	76	9
756	6	76	31
757	7	76	88
758	8	76	96
759	9	76	34
760	10	76	11
761	1	77	34
762	2	77	89
763	3	77	52
764	4	77	94
765	5	77	84
766	6	77	6
767	7	77	57
768	8	77	53
769	9	77	0
770	10	77	62
771	1	78	7
772	2	78	94
773	3	78	34
774	4	78	0
775	5	78	97
776	6	78	29
777	7	78	99
778	8	78	34
779	9	78	66
780	10	78	52
781	1	79	0
782	2	79	9
783	3	79	64
784	4	79	77
785	5	79	41
786	6	79	86
787	7	79	94
788	8	79	36
789	9	79	79
790	10	79	64
791	1	80	69
792	2	80	82
793	3	80	93
794	4	80	38
795	5	80	88
796	6	80	61
797	7	80	98
798	8	80	0
799	9	80	0
800	10	80	33
801	1	81	6
802	2	81	0
803	3	81	59
804	4	81	7
805	5	81	78
806	6	81	82
807	7	81	94
808	8	81	72
809	9	81	26
810	10	81	89
811	1	82	0
812	2	82	0
813	3	82	0
814	4	82	26
815	5	82	34
816	6	82	0
817	7	82	31
818	8	82	96
819	9	82	23
820	10	82	51
821	1	83	21
822	2	83	42
823	3	83	0
824	4	83	81
825	5	83	66
826	6	83	48
827	7	83	64
828	8	83	74
829	9	83	0
830	10	83	94
831	1	84	97
832	2	84	0
833	3	84	14
834	4	84	22
835	5	84	11
836	6	84	44
837	7	84	64
838	8	84	33
839	9	84	43
840	10	84	23
841	1	85	0
842	2	85	82
843	3	85	0
844	4	85	11
845	5	85	76
846	6	85	0
847	7	85	18
848	8	85	49
849	9	85	6
850	10	85	3
851	1	86	13
852	2	86	0
853	3	86	32
854	4	86	3
855	5	86	0
856	6	86	19
857	7	86	0
858	8	86	3
859	9	86	0
860	10	86	72
861	1	87	21
862	2	87	77
863	3	87	84
864	4	87	7
865	5	87	52
866	6	87	0
867	7	87	37
868	8	87	58
869	9	87	41
870	10	87	0
871	1	88	1
872	2	88	49
873	3	88	16
874	4	88	56
875	5	88	87
876	6	88	88
877	7	88	81
878	8	88	79
879	9	88	17
880	10	88	12
881	1	89	63
882	2	89	0
883	3	89	0
884	4	89	21
885	5	89	97
886	6	89	27
887	7	89	99
888	8	89	99
889	9	89	7
890	10	89	0
891	1	90	0
892	2	90	41
893	3	90	0
894	4	90	98
895	5	90	64
896	6	90	0
897	7	90	28
898	8	90	46
899	9	90	69
900	10	90	16
901	1	91	97
902	2	91	44
903	3	91	64
904	4	91	0
905	5	91	92
906	6	91	52
907	7	91	62
908	8	91	39
909	9	91	71
910	10	91	57
911	1	92	37
912	2	92	39
913	3	92	26
914	4	92	27
915	5	92	51
916	6	92	26
917	7	92	41
918	8	92	99
919	9	92	0
920	10	92	32
921	1	93	22
922	2	93	93
923	3	93	0
924	4	93	0
925	5	93	64
926	6	93	89
927	7	93	11
928	8	93	0
929	9	93	0
930	10	93	43
931	1	94	97
932	2	94	56
933	3	94	31
934	4	94	27
935	5	94	93
936	6	94	0
937	7	94	67
938	8	94	1
939	9	94	14
940	10	94	12
941	1	95	12
942	2	95	19
943	3	95	53
944	4	95	14
945	5	95	18
946	6	95	11
947	7	95	0
948	8	95	0
949	9	95	1
950	10	95	62
951	1	96	69
952	2	96	0
953	3	96	46
954	4	96	2
955	5	96	66
956	6	96	99
957	7	96	24
958	8	96	41
959	9	96	7
960	10	96	89
961	1	97	17
962	2	97	24
963	3	97	64
964	4	97	43
965	5	97	1
966	6	97	33
967	7	97	91
968	8	97	83
969	9	97	0
970	10	97	29
971	1	98	67
972	2	98	0
973	3	98	42
974	4	98	74
975	5	98	0
976	6	98	4
977	7	98	94
978	8	98	59
979	9	98	0
980	10	98	58
981	1	99	0
982	2	99	97
983	3	99	52
984	4	99	39
985	5	99	0
986	6	99	0
987	7	99	72
988	8	99	9
989	9	99	69
990	10	99	74
991	1	100	0
992	2	100	57
993	3	100	0
994	4	100	96
995	5	100	57
996	6	100	22
997	7	100	3
998	8	100	77
999	9	100	71
1000	10	100	0
1001	1	101	86
1002	2	101	0
1003	3	101	94
1004	4	101	76
1005	5	101	56
1006	6	101	44
1007	7	101	64
1008	8	101	59
1009	9	101	0
1010	10	101	47
1011	1	102	34
1012	2	102	0
1013	3	102	2
1014	4	102	91
1015	5	102	92
1016	6	102	0
1017	7	102	94
1018	8	102	66
1019	9	102	71
1020	10	102	2
1021	1	103	46
1022	2	103	31
1023	3	103	4
1024	4	103	0
1025	5	103	14
1026	6	103	0
1027	7	103	0
1028	8	103	0
1029	9	103	88
1030	10	103	1
1031	1	104	13
1032	2	104	63
1033	3	104	0
1034	4	104	78
1035	5	104	0
1036	6	104	0
1037	7	104	42
1038	8	104	0
1039	9	104	63
1040	10	104	78
1041	1	105	81
1042	2	105	26
1043	3	105	36
1044	4	105	88
1045	5	105	31
1046	6	105	86
1047	7	105	63
1048	8	105	4
1049	9	105	37
1050	10	105	0
1051	1	106	12
1052	2	106	0
1053	3	106	98
1054	4	106	0
1055	5	106	89
1056	6	106	14
1057	7	106	36
1058	8	106	52
1059	9	106	73
1060	10	106	91
1061	1	107	0
1062	2	107	22
1063	3	107	16
1064	4	107	34
1065	5	107	23
1066	6	107	94
1067	7	107	0
1068	8	107	82
1069	9	107	94
1070	10	107	0
1071	1	108	42
1072	2	108	83
1073	3	108	43
1074	4	108	6
1075	5	108	0
1076	6	108	54
1077	7	108	21
1078	8	108	24
1079	9	108	93
1080	10	108	7
1081	1	109	43
1082	2	109	61
1083	3	109	0
1084	4	109	0
1085	5	109	13
1086	6	109	19
1087	7	109	86
1088	8	109	56
1089	9	109	54
1090	10	109	57
1091	1	110	0
1092	2	110	0
1093	3	110	92
1094	4	110	47
1095	5	110	0
1096	6	110	82
1097	7	110	17
1098	8	110	21
1099	9	110	0
1100	10	110	36
1101	1	111	38
1102	2	111	94
1103	3	111	34
1104	4	111	66
1105	5	111	42
1106	6	111	68
1107	7	111	41
1108	8	111	53
1109	9	111	99
1110	10	111	82
1111	1	112	57
1112	2	112	0
1113	3	112	3
1114	4	112	6
1115	5	112	31
1116	6	112	83
1117	7	112	98
1118	8	112	28
1119	9	112	21
1120	10	112	0
1121	1	113	78
1122	2	113	19
1123	3	113	42
1124	4	113	38
1125	5	113	62
1126	6	113	0
1127	7	113	12
1128	8	113	0
1129	9	113	17
1130	10	113	39
1131	1	114	3
1132	2	114	81
1133	3	114	71
1134	4	114	33
1135	5	114	88
1136	6	114	0
1137	7	114	32
1138	8	114	0
1139	9	114	27
1140	10	114	66
1141	1	115	44
1142	2	115	24
1143	3	115	7
1144	4	115	23
1145	5	115	0
1146	6	115	14
1147	7	115	0
1148	8	115	2
1149	9	115	7
1150	10	115	34
1151	1	116	64
1152	2	116	69
1153	3	116	91
1154	4	116	34
1155	5	116	94
1156	6	116	68
1157	7	116	49
1158	8	116	24
1159	9	116	94
1160	10	116	37
1161	1	117	51
1162	2	117	99
1163	3	117	2
1164	4	117	0
1165	5	117	48
1166	6	117	19
1167	7	117	74
1168	8	117	97
1169	9	117	89
1170	10	117	16
1171	1	118	19
1172	2	118	93
1173	3	118	0
1174	4	118	74
1175	5	118	0
1176	6	118	77
1177	7	118	0
1178	8	118	14
1179	9	118	87
1180	10	118	22
1181	1	119	0
1182	2	119	66
1183	3	119	6
1184	4	119	0
1185	5	119	52
1186	6	119	0
1187	7	119	79
1188	8	119	88
1189	9	119	68
1190	10	119	24
1191	1	120	0
1192	2	120	43
1193	3	120	87
1194	4	120	83
1195	5	120	67
1196	6	120	32
1197	7	120	23
1198	8	120	31
1199	9	120	39
1200	10	120	37
1201	1	121	22
1202	2	121	68
1203	3	121	78
1204	4	121	0
1205	5	121	37
1206	6	121	0
1207	7	121	0
1208	8	121	19
1209	9	121	57
1210	10	121	98
1211	1	122	59
1212	2	122	88
1213	3	122	41
1214	4	122	9
1215	5	122	34
1216	6	122	24
1217	7	122	0
1218	8	122	26
1219	9	122	61
1220	10	122	36
1221	1	123	9
1222	2	123	63
1223	3	123	66
1224	4	123	53
1225	5	123	6
1226	6	123	0
1227	7	123	89
1228	8	123	0
1229	9	123	0
1230	10	123	34
1231	1	124	54
1232	2	124	27
1233	3	124	56
1234	4	124	0
1235	5	124	41
1236	6	124	64
1237	7	124	0
1238	8	124	48
1239	9	124	0
1240	10	124	0
1241	1	125	71
1242	2	125	0
1243	3	125	57
1244	4	125	6
1245	5	125	41
1246	6	125	32
1247	7	125	91
1248	8	125	12
1249	9	125	47
1250	10	125	2
1251	1	126	77
1252	2	126	57
1253	3	126	87
1254	4	126	0
1255	5	126	93
1256	6	126	67
1257	7	126	78
1258	8	126	0
1259	9	126	91
1260	10	126	6
1261	1	127	0
1262	2	127	61
1263	3	127	42
1264	4	127	0
1265	5	127	0
1266	6	127	87
1267	7	127	31
1268	8	127	79
1269	9	127	0
1270	10	127	51
1271	1	128	58
1272	2	128	0
1273	3	128	92
1274	4	128	84
1275	5	128	73
1276	6	128	13
1277	7	128	0
1278	8	128	0
1279	9	128	0
1280	10	128	57
1281	1	129	0
1282	2	129	49
1283	3	129	89
1284	4	129	63
1285	5	129	18
1286	6	129	0
1287	7	129	41
1288	8	129	99
1289	9	129	62
1290	10	129	3
1291	1	130	62
1292	2	130	18
1293	3	130	14
1294	4	130	44
1295	5	130	14
1296	6	130	0
1297	7	130	0
1298	8	130	32
1299	9	130	13
1300	10	130	8
1301	1	131	46
1302	2	131	2
1303	3	131	67
1304	4	131	91
1305	5	131	73
1306	6	131	77
1307	7	131	81
1308	8	131	0
1309	9	131	0
1310	10	131	92
1311	1	132	63
1312	2	132	68
1313	3	132	64
1314	4	132	0
1315	5	132	0
1316	6	132	93
1317	7	132	0
1318	8	132	87
1319	9	132	0
1320	10	132	23
1321	1	133	66
1322	2	133	0
1323	3	133	54
1324	4	133	62
1325	5	133	24
1326	6	133	0
1327	7	133	22
1328	8	133	79
1329	9	133	72
1330	10	133	43
1331	1	134	41
1332	2	134	66
1333	3	134	4
1334	4	134	12
1335	5	134	0
1336	6	134	0
1337	7	134	77
1338	8	134	86
1339	9	134	13
1340	10	134	74
1341	1	135	0
1342	2	135	83
1343	3	135	0
1344	4	135	58
1345	5	135	0
1346	6	135	0
1347	7	135	92
1348	8	135	67
1349	9	135	41
1350	10	135	18
1351	1	136	92
1352	2	136	42
1353	3	136	19
1354	4	136	67
1355	5	136	48
1356	6	136	84
1357	7	136	19
1358	8	136	3
1359	9	136	0
1360	10	136	11
1361	1	137	44
1362	2	137	0
1363	3	137	73
1364	4	137	0
1365	5	137	96
1366	6	137	66
1367	7	137	13
1368	8	137	92
1369	9	137	78
1370	10	137	97
1371	1	138	54
1372	2	138	69
1373	3	138	28
1374	4	138	8
1375	5	138	0
1376	6	138	42
1377	7	138	81
1378	8	138	0
1379	9	138	41
1380	10	138	0
1381	1	139	0
1382	2	139	81
1383	3	139	9
1384	4	139	27
1385	5	139	4
1386	6	139	41
1387	7	139	44
1388	8	139	0
1389	9	139	0
1390	10	139	58
1391	1	140	64
1392	2	140	82
1393	3	140	33
1394	4	140	0
1395	5	140	87
1396	6	140	78
1397	7	140	77
1398	8	140	91
1399	9	140	47
1400	10	140	0
1401	1	141	57
1402	2	141	78
1403	3	141	58
1404	4	141	21
1405	5	141	42
1406	6	141	0
1407	7	141	0
1408	8	141	91
1409	9	141	29
1410	10	141	0
1411	1	142	17
1412	2	142	0
1413	3	142	18
1414	4	142	33
1415	5	142	71
1416	6	142	32
1417	7	142	49
1418	8	142	29
1419	9	142	2
1420	10	142	98
1421	1	143	4
1422	2	143	0
1423	3	143	28
1424	4	143	4
1425	5	143	87
1426	6	143	51
1427	7	143	87
1428	8	143	92
1429	9	143	0
1430	10	143	0
1431	1	144	36
1432	2	144	34
1433	3	144	83
1434	4	144	91
1435	5	144	0
1436	6	144	37
1437	7	144	88
1438	8	144	66
1439	9	144	83
1440	10	144	46
1441	1	145	51
1442	2	145	27
1443	3	145	76
1444	4	145	76
1445	5	145	87
1446	6	145	23
1447	7	145	82
1448	8	145	28
1449	9	145	4
1450	10	145	82
1451	1	146	0
1452	2	146	4
1453	3	146	91
1454	4	146	93
1455	5	146	38
1456	6	146	19
1457	7	146	29
1458	8	146	67
1459	9	146	0
1460	10	146	17
1461	1	147	22
1462	2	147	79
1463	3	147	91
1464	4	147	14
1465	5	147	66
1466	6	147	0
1467	7	147	8
1468	8	147	93
1469	9	147	14
1470	10	147	87
1471	1	148	66
1472	2	148	24
1473	3	148	0
1474	4	148	0
1475	5	148	78
1476	6	148	8
1477	7	148	22
1478	8	148	22
1479	9	148	14
1480	10	148	6
1481	1	149	37
1482	2	149	0
1483	3	149	58
1484	4	149	91
1485	5	149	0
1486	6	149	87
1487	7	149	48
1488	8	149	98
1489	9	149	37
1490	10	149	37
1491	1	150	0
1492	2	150	29
1493	3	150	0
1494	4	150	38
1495	5	150	62
1496	6	150	52
1497	7	150	94
1498	8	150	93
1499	9	150	93
1500	10	150	16
1501	1	151	51
1502	2	151	42
1503	3	151	33
1504	4	151	92
1505	5	151	93
1506	6	151	0
1507	7	151	0
1508	8	151	74
1509	9	151	0
1510	10	151	0
1511	1	152	93
1512	2	152	37
1513	3	152	33
1514	4	152	66
1515	5	152	59
1516	6	152	0
1517	7	152	46
1518	8	152	53
1519	9	152	66
1520	10	152	71
1521	1	153	92
1522	2	153	44
1523	3	153	92
1524	4	153	26
1525	5	153	0
1526	6	153	78
1527	7	153	74
1528	8	153	87
1529	9	153	22
1530	10	153	21
1531	1	154	69
1532	2	154	89
1533	3	154	39
1534	4	154	92
1535	5	154	47
1536	6	154	79
1537	7	154	73
1538	8	154	0
1539	9	154	0
1540	10	154	12
1541	1	155	94
1542	2	155	14
1543	3	155	48
1544	4	155	74
1545	5	155	87
1546	6	155	53
1547	7	155	37
1548	8	155	24
1549	9	155	64
1550	10	155	0
1551	1	156	17
1552	2	156	3
1553	3	156	66
1554	4	156	28
1555	5	156	11
1556	6	156	22
1557	7	156	53
1558	8	156	0
1559	9	156	0
1560	10	156	4
1561	1	157	22
1562	2	157	0
1563	3	157	4
1564	4	157	17
1565	5	157	14
1566	6	157	0
1567	7	157	14
1568	8	157	88
1569	9	157	39
1570	10	157	56
1571	1	158	13
1572	2	158	47
1573	3	158	92
1574	4	158	53
1575	5	158	0
1576	6	158	11
1577	7	158	0
1578	8	158	71
1579	9	158	37
1580	10	158	99
1581	1	159	0
1582	2	159	54
1583	3	159	0
1584	4	159	73
1585	5	159	33
1586	6	159	48
1587	7	159	76
1588	8	159	27
1589	9	159	0
1590	10	159	44
1591	1	160	29
1592	2	160	58
1593	3	160	53
1594	4	160	78
1595	5	160	66
1596	6	160	52
1597	7	160	21
1598	8	160	57
1599	9	160	29
1600	10	160	94
1601	1	161	59
1602	2	161	34
1603	3	161	4
1604	4	161	42
1605	5	161	77
1606	6	161	19
1607	7	161	34
1608	8	161	0
1609	9	161	61
1610	10	161	0
1611	1	162	91
1612	2	162	0
1613	3	162	48
1614	4	162	23
1615	5	162	28
1616	6	162	21
1617	7	162	22
1618	8	162	41
1619	9	162	57
1620	10	162	0
1621	1	163	0
1622	2	163	3
1623	3	163	32
1624	4	163	81
1625	5	163	59
1626	6	163	97
1627	7	163	24
1628	8	163	31
1629	9	163	22
1630	10	163	22
1631	1	164	8
1632	2	164	89
1633	3	164	46
1634	4	164	91
1635	5	164	0
1636	6	164	22
1637	7	164	11
1638	8	164	14
1639	9	164	62
1640	10	164	0
1641	1	165	78
1642	2	165	48
1643	3	165	0
1644	4	165	0
1645	5	165	0
1646	6	165	99
1647	7	165	86
1648	8	165	56
1649	9	165	7
1650	10	165	91
1651	1	166	73
1652	2	166	26
1653	3	166	0
1654	4	166	52
1655	5	166	52
1656	6	166	97
1657	7	166	39
1658	8	166	94
1659	9	166	81
1660	10	166	61
1661	1	167	29
1662	2	167	41
1663	3	167	0
1664	4	167	68
1665	5	167	49
1666	6	167	1
1667	7	167	0
1668	8	167	54
1669	9	167	47
1670	10	167	54
1671	1	168	21
1672	2	168	0
1673	3	168	62
1674	4	168	0
1675	5	168	82
1676	6	168	0
1677	7	168	54
1678	8	168	69
1679	9	168	0
1680	10	168	96
1681	1	169	26
1682	2	169	0
1683	3	169	41
1684	4	169	89
1685	5	169	28
1686	6	169	58
1687	7	169	9
1688	8	169	59
1689	9	169	0
1690	10	169	81
1691	1	170	13
1692	2	170	0
1693	3	170	47
1694	4	170	12
1695	5	170	28
1696	6	170	67
1697	7	170	0
1698	8	170	51
1699	9	170	78
1700	10	170	32
1701	1	171	49
1702	2	171	2
1703	3	171	37
1704	4	171	46
1705	5	171	58
1706	6	171	46
1707	7	171	0
1708	8	171	69
1709	9	171	77
1710	10	171	22
1711	1	172	0
1712	2	172	0
1713	3	172	0
1714	4	172	32
1715	5	172	47
1716	6	172	0
1717	7	172	63
1718	8	172	0
1719	9	172	0
1720	10	172	16
1721	1	173	62
1722	2	173	86
1723	3	173	13
1724	4	173	14
1725	5	173	0
1726	6	173	27
1727	7	173	0
1728	8	173	89
1729	9	173	6
1730	10	173	32
1731	1	174	0
1732	2	174	37
1733	3	174	41
1734	4	174	0
1735	5	174	0
1736	6	174	0
1737	7	174	0
1738	8	174	96
1739	9	174	57
1740	10	174	48
1741	1	175	49
1742	2	175	24
1743	3	175	0
1744	4	175	97
1745	5	175	7
1746	6	175	36
1747	7	175	0
1748	8	175	49
1749	9	175	39
1750	10	175	21
1751	1	176	78
1752	2	176	49
1753	3	176	33
1754	4	176	88
1755	5	176	43
1756	6	176	86
1757	7	176	7
1758	8	176	21
1759	9	176	89
1760	10	176	32
1761	1	177	9
1762	2	177	0
1763	3	177	3
1764	4	177	6
1765	5	177	97
1766	6	177	0
1767	7	177	28
1768	8	177	21
1769	9	177	34
1770	10	177	76
1771	1	178	72
1772	2	178	67
1773	3	178	71
1774	4	178	38
1775	5	178	52
1776	6	178	86
1777	7	178	36
1778	8	178	73
1779	9	178	69
1780	10	178	0
1781	1	179	54
1782	2	179	12
1783	3	179	78
1784	4	179	54
1785	5	179	53
1786	6	179	86
1787	7	179	28
1788	8	179	31
1789	9	179	0
1790	10	179	74
1791	1	180	32
1792	2	180	0
1793	3	180	6
1794	4	180	93
1795	5	180	11
1796	6	180	57
1797	7	180	44
1798	8	180	0
1799	9	180	12
1800	10	180	2
1801	1	181	47
1802	2	181	81
1803	3	181	87
1804	4	181	11
1805	5	181	94
1806	6	181	0
1807	7	181	52
1808	8	181	9
1809	9	181	79
1810	10	181	98
1811	1	182	49
1812	2	182	44
1813	3	182	8
1814	4	182	57
1815	5	182	62
1816	6	182	19
1817	7	182	98
1818	8	182	0
1819	9	182	77
1820	10	182	92
1821	1	183	53
1822	2	183	0
1823	3	183	62
1824	4	183	0
1825	5	183	91
1826	6	183	54
1827	7	183	76
1828	8	183	0
1829	9	183	8
1830	10	183	27
1831	1	184	0
1832	2	184	0
1833	3	184	0
1834	4	184	0
1835	5	184	99
1836	6	184	9
1837	7	184	3
1838	8	184	1
1839	9	184	37
1840	10	184	99
1841	1	185	67
1842	2	185	58
1843	3	185	49
1844	4	185	42
1845	5	185	49
1846	6	185	18
1847	7	185	82
1848	8	185	0
1849	9	185	43
1850	10	185	97
1851	1	186	18
1852	2	186	38
1853	3	186	94
1854	4	186	29
1855	5	186	0
1856	6	186	19
1857	7	186	19
1858	8	186	0
1859	9	186	23
1860	10	186	92
1861	1	187	77
1862	2	187	89
1863	3	187	59
1864	4	187	12
1865	5	187	94
1866	6	187	34
1867	7	187	36
1868	8	187	22
1869	9	187	79
1870	10	187	58
1871	1	188	0
1872	2	188	98
1873	3	188	62
1874	4	188	0
1875	5	188	0
1876	6	188	36
1877	7	188	9
1878	8	188	19
1879	9	188	77
1880	10	188	72
1881	1	189	21
1882	2	189	21
1883	3	189	89
1884	4	189	14
1885	5	189	99
1886	6	189	23
1887	7	189	8
1888	8	189	2
1889	9	189	86
1890	10	189	0
1891	1	190	46
1892	2	190	47
1893	3	190	0
1894	4	190	0
1895	5	190	6
1896	6	190	94
1897	7	190	12
1898	8	190	52
1899	9	190	34
1900	10	190	83
1901	1	191	73
1902	2	191	0
1903	3	191	36
1904	4	191	0
1905	5	191	0
1906	6	191	71
1907	7	191	61
1908	8	191	31
1909	9	191	97
1910	10	191	97
1911	1	192	63
1912	2	192	0
1913	3	192	69
1914	4	192	0
1915	5	192	0
1916	6	192	61
1917	7	192	21
1918	8	192	66
1919	9	192	29
1920	10	192	0
1921	1	193	32
1922	2	193	0
1923	3	193	62
1924	4	193	58
1925	5	193	82
1926	6	193	31
1927	7	193	32
1928	8	193	3
1929	9	193	62
1930	10	193	87
1931	1	194	33
1932	2	194	99
1933	3	194	84
1934	4	194	53
1935	5	194	89
1936	6	194	66
1937	7	194	51
1938	8	194	98
1939	9	194	29
1940	10	194	0
1941	1	195	41
1942	2	195	89
1943	3	195	0
1944	4	195	14
1945	5	195	18
1946	6	195	0
1947	7	195	84
1948	8	195	0
1949	9	195	66
1950	10	195	0
1951	1	196	0
1952	2	196	69
1953	3	196	0
1954	4	196	69
1955	5	196	76
1956	6	196	14
1957	7	196	53
1958	8	196	41
1959	9	196	24
1960	10	196	0
1961	1	197	59
1962	2	197	0
1963	3	197	53
1964	4	197	0
1965	5	197	6
1966	6	197	79
1967	7	197	67
1968	8	197	21
1969	9	197	57
1970	10	197	54
1971	1	198	74
1972	2	198	24
1973	3	198	56
1974	4	198	3
1975	5	198	11
1976	6	198	0
1977	7	198	83
1978	8	198	18
1979	9	198	29
1980	10	198	87
1981	1	199	0
1982	2	199	88
1983	3	199	99
1984	4	199	11
1985	5	199	24
1986	6	199	0
1987	7	199	74
1988	8	199	17
1989	9	199	62
1990	10	199	18
1991	1	200	47
1992	2	200	74
1993	3	200	91
1994	4	200	62
1995	5	200	17
1996	6	200	79
1997	7	200	58
1998	8	200	28
1999	9	200	39
2000	10	200	6
2001	1	201	96
2002	2	201	0
2003	3	201	9
2004	4	201	19
2005	5	201	21
2006	6	201	0
2007	7	201	0
2008	8	201	0
2009	9	201	0
2010	10	201	97
2011	1	202	0
2012	2	202	68
2013	3	202	0
2014	4	202	98
2015	5	202	39
2016	6	202	43
2017	7	202	36
2018	8	202	0
2019	9	202	0
2020	10	202	23
2021	1	203	59
2022	2	203	0
2023	3	203	0
2024	4	203	38
2025	5	203	99
2026	6	203	2
2027	7	203	82
2028	8	203	29
2029	9	203	62
2030	10	203	17
2031	1	204	0
2032	2	204	0
2033	3	204	19
2034	4	204	19
2035	5	204	42
2036	6	204	29
2037	7	204	76
2038	8	204	0
2039	9	204	74
2040	10	204	67
2041	1	205	43
2042	2	205	72
2043	3	205	48
2044	4	205	77
2045	5	205	86
2046	6	205	0
2047	7	205	39
2048	8	205	0
2049	9	205	0
2050	10	205	18
2051	1	206	64
2052	2	206	48
2053	3	206	94
2054	4	206	78
2055	5	206	16
2056	6	206	69
2057	7	206	26
2058	8	206	4
2059	9	206	87
2060	10	206	0
2061	1	207	94
2062	2	207	67
2063	3	207	72
2064	4	207	42
2065	5	207	38
2066	6	207	21
2067	7	207	52
2068	8	207	84
2069	9	207	41
2070	10	207	29
2071	1	208	94
2072	2	208	0
2073	3	208	0
2074	4	208	73
2075	5	208	87
2076	6	208	64
2077	7	208	97
2078	8	208	0
2079	9	208	86
2080	10	208	0
2081	1	209	61
2082	2	209	8
2083	3	209	4
2084	4	209	0
2085	5	209	72
2086	6	209	87
2087	7	209	47
2088	8	209	97
2089	9	209	0
2090	10	209	26
2091	1	210	58
2092	2	210	4
2093	3	210	0
2094	4	210	37
2095	5	210	71
2096	6	210	33
2097	7	210	32
2098	8	210	57
2099	9	210	61
2100	10	210	97
2101	1	211	0
2102	2	211	0
2103	3	211	21
2104	4	211	0
2105	5	211	59
2106	6	211	81
2107	7	211	4
2108	8	211	98
2109	9	211	92
2110	10	211	33
2111	1	212	14
2112	2	212	63
2113	3	212	86
2114	4	212	49
2115	5	212	27
2116	6	212	76
2117	7	212	64
2118	8	212	0
2119	9	212	28
2120	10	212	13
2121	1	213	36
2122	2	213	0
2123	3	213	11
2124	4	213	19
2125	5	213	84
2126	6	213	47
2127	7	213	0
2128	8	213	93
2129	9	213	77
2130	10	213	59
2131	1	214	0
2132	2	214	14
2133	3	214	27
2134	4	214	64
2135	5	214	64
2136	6	214	51
2137	7	214	87
2138	8	214	93
2139	9	214	44
2140	10	214	99
2141	1	215	0
2142	2	215	0
2143	3	215	0
2144	4	215	69
2145	5	215	0
2146	6	215	29
2147	7	215	3
2148	8	215	33
2149	9	215	88
2150	10	215	49
2151	1	216	26
2152	2	216	42
2153	3	216	0
2154	4	216	53
2155	5	216	93
2156	6	216	34
2157	7	216	39
2158	8	216	44
2159	9	216	69
2160	10	216	96
2161	1	217	0
2162	2	217	67
2163	3	217	0
2164	4	217	0
2165	5	217	62
2166	6	217	1
2167	7	217	0
2168	8	217	17
2169	9	217	93
2170	10	217	0
2171	1	218	41
2172	2	218	44
2173	3	218	76
2174	4	218	48
2175	5	218	46
2176	6	218	88
2177	7	218	0
2178	8	218	93
2179	9	218	33
2180	10	218	8
2181	1	219	23
2182	2	219	9
2183	3	219	58
2184	4	219	42
2185	5	219	79
2186	6	219	0
2187	7	219	67
2188	8	219	6
2189	9	219	23
2190	10	219	19
2191	1	220	77
2192	2	220	86
2193	3	220	53
2194	4	220	0
2195	5	220	59
2196	6	220	69
2197	7	220	84
2198	8	220	56
2199	9	220	12
2200	10	220	0
2201	1	221	97
2202	2	221	12
2203	3	221	52
2204	4	221	31
2205	5	221	32
2206	6	221	67
2207	7	221	16
2208	8	221	0
2209	9	221	57
2210	10	221	2
2211	1	222	3
2212	2	222	84
2213	3	222	53
2214	4	222	97
2215	5	222	31
2216	6	222	72
2217	7	222	62
2218	8	222	33
2219	9	222	58
2220	10	222	0
2221	1	223	93
2222	2	223	69
2223	3	223	32
2224	4	223	37
2225	5	223	0
2226	6	223	78
2227	7	223	36
2228	8	223	94
2229	9	223	63
2230	10	223	71
2231	1	224	0
2232	2	224	0
2233	3	224	78
2234	4	224	22
2235	5	224	28
2236	6	224	39
2237	7	224	0
2238	8	224	17
2239	9	224	72
2240	10	224	61
2241	1	225	3
2242	2	225	34
2243	3	225	33
2244	4	225	48
2245	5	225	0
2246	6	225	31
2247	7	225	24
2248	8	225	2
2249	9	225	0
2250	10	225	54
2251	1	226	57
2252	2	226	0
2253	3	226	66
2254	4	226	96
2255	5	226	86
2256	6	226	73
2257	7	226	57
2258	8	226	34
2259	9	226	0
2260	10	226	53
2261	1	227	87
2262	2	227	0
2263	3	227	0
2264	4	227	23
2265	5	227	43
2266	6	227	88
2267	7	227	0
2268	8	227	36
2269	9	227	88
2270	10	227	38
2271	1	228	78
2272	2	228	34
2273	3	228	0
2274	4	228	63
2275	5	228	28
2276	6	228	94
2277	7	228	86
2278	8	228	91
2279	9	228	56
2280	10	228	63
2281	1	229	82
2282	2	229	19
2283	3	229	92
2284	4	229	26
2285	5	229	92
2286	6	229	0
2287	7	229	94
2288	8	229	2
2289	9	229	91
2290	10	229	29
2291	1	230	72
2292	2	230	33
2293	3	230	0
2294	4	230	0
2295	5	230	26
2296	6	230	16
2297	7	230	64
2298	8	230	71
2299	9	230	0
2300	10	230	0
2301	1	231	78
2302	2	231	0
2303	3	231	94
2304	4	231	73
2305	5	231	0
2306	6	231	47
2307	7	231	0
2308	8	231	33
2309	9	231	0
2310	10	231	11
2311	1	232	38
2312	2	232	76
2313	3	232	67
2314	4	232	8
2315	5	232	22
2316	6	232	44
2317	7	232	96
2318	8	232	9
2319	9	232	92
2320	10	232	14
2321	1	233	81
2322	2	233	0
2323	3	233	82
2324	4	233	84
2325	5	233	6
2326	6	233	89
2327	7	233	13
2328	8	233	58
2329	9	233	7
2330	10	233	78
2331	1	234	0
2332	2	234	0
2333	3	234	68
2334	4	234	98
2335	5	234	39
2336	6	234	34
2337	7	234	81
2338	8	234	33
2339	9	234	9
2340	10	234	2
2341	1	235	51
2342	2	235	72
2343	3	235	79
2344	4	235	23
2345	5	235	13
2346	6	235	99
2347	7	235	0
2348	8	235	26
2349	9	235	66
2350	10	235	93
2351	1	236	26
2352	2	236	0
2353	3	236	77
2354	4	236	0
2355	5	236	0
2356	6	236	94
2357	7	236	51
2358	8	236	97
2359	9	236	0
2360	10	236	53
2361	1	237	0
2362	2	237	2
2363	3	237	69
2364	4	237	73
2365	5	237	0
2366	6	237	8
2367	7	237	39
2368	8	237	67
2369	9	237	97
2370	10	237	86
2371	1	238	84
2372	2	238	56
2373	3	238	83
2374	4	238	3
2375	5	238	0
2376	6	238	0
2377	7	238	0
2378	8	238	0
2379	9	238	58
2380	10	238	0
2381	1	239	83
2382	2	239	77
2383	3	239	0
2384	4	239	92
2385	5	239	82
2386	6	239	4
2387	7	239	13
2388	8	239	54
2389	9	239	18
2390	10	239	72
2391	1	240	0
2392	2	240	33
2393	3	240	0
2394	4	240	0
2395	5	240	44
2396	6	240	22
2397	7	240	77
2398	8	240	37
2399	9	240	41
2400	10	240	76
2401	1	241	28
2402	2	241	67
2403	3	241	11
2404	4	241	87
2405	5	241	37
2406	6	241	38
2407	7	241	0
2408	8	241	37
2409	9	241	0
2410	10	241	54
2411	1	242	0
2412	2	242	0
2413	3	242	4
2414	4	242	0
2415	5	242	2
2416	6	242	13
2417	7	242	72
2418	8	242	0
2419	9	242	39
2420	10	242	49
2421	1	243	7
2422	2	243	0
2423	3	243	0
2424	4	243	82
2425	5	243	56
2426	6	243	31
2427	7	243	33
2428	8	243	0
2429	9	243	49
2430	10	243	84
2431	1	244	0
2432	2	244	92
2433	3	244	0
2434	4	244	3
2435	5	244	52
2436	6	244	28
2437	7	244	43
2438	8	244	82
2439	9	244	24
2440	10	244	39
2441	1	245	78
2442	2	245	27
2443	3	245	0
2444	4	245	0
2445	5	245	6
2446	6	245	33
2447	7	245	84
2448	8	245	0
2449	9	245	0
2450	10	245	0
2451	1	246	11
2452	2	246	8
2453	3	246	52
2454	4	246	79
2455	5	246	4
2456	6	246	17
2457	7	246	0
2458	8	246	7
2459	9	246	3
2460	10	246	0
2461	1	247	0
2462	2	247	46
2463	3	247	78
2464	4	247	27
2465	5	247	0
2466	6	247	57
2467	7	247	51
2468	8	247	41
2469	9	247	23
2470	10	247	54
2471	1	248	32
2472	2	248	8
2473	3	248	81
2474	4	248	61
2475	5	248	34
2476	6	248	37
2477	7	248	11
2478	8	248	78
2479	9	248	33
2480	10	248	96
2481	1	249	59
2482	2	249	74
2483	3	249	42
2484	4	249	44
2485	5	249	81
2486	6	249	0
2487	7	249	32
2488	8	249	0
2489	9	249	31
2490	10	249	42
2491	1	250	93
2492	2	250	68
2493	3	250	88
2494	4	250	71
2495	5	250	26
2496	6	250	87
2497	7	250	0
2498	8	250	38
2499	9	250	0
2500	10	250	96
2501	1	251	18
2502	2	251	67
2503	3	251	58
2504	4	251	2
2505	5	251	31
2506	6	251	89
2507	7	251	1
2508	8	251	87
2509	9	251	0
2510	10	251	0
2511	1	252	39
2512	2	252	24
2513	3	252	64
2514	4	252	49
2515	5	252	0
2516	6	252	28
2517	7	252	43
2518	8	252	58
2519	9	252	99
2520	10	252	29
2521	1	253	48
2522	2	253	72
2523	3	253	89
2524	4	253	79
2525	5	253	41
2526	6	253	0
2527	7	253	39
2528	8	253	16
2529	9	253	63
2530	10	253	2
2531	1	254	42
2532	2	254	99
2533	3	254	18
2534	4	254	0
2535	5	254	6
2536	6	254	96
2537	7	254	71
2538	8	254	78
2539	9	254	63
2540	10	254	0
2541	1	255	97
2542	2	255	54
2543	3	255	0
2544	4	255	82
2545	5	255	49
2546	6	255	13
2547	7	255	73
2548	8	255	43
2549	9	255	14
2550	10	255	71
2551	1	256	0
2552	2	256	0
2553	3	256	0
2554	4	256	78
2555	5	256	9
2556	6	256	31
2557	7	256	88
2558	8	256	96
2559	9	256	34
2560	10	256	11
2561	1	257	34
2562	2	257	89
2563	3	257	52
2564	4	257	94
2565	5	257	84
2566	6	257	6
2567	7	257	57
2568	8	257	53
2569	9	257	0
2570	10	257	62
2571	1	258	7
2572	2	258	94
2573	3	258	34
2574	4	258	0
2575	5	258	97
2576	6	258	29
2577	7	258	99
2578	8	258	34
2579	9	258	66
2580	10	258	52
2581	1	259	0
2582	2	259	9
2583	3	259	64
2584	4	259	77
2585	5	259	41
2586	6	259	86
2587	7	259	94
2588	8	259	36
2589	9	259	79
2590	10	259	64
2591	1	260	69
2592	2	260	82
2593	3	260	93
2594	4	260	38
2595	5	260	88
2596	6	260	61
2597	7	260	98
2598	8	260	0
2599	9	260	0
2600	10	260	33
2601	1	261	6
2602	2	261	0
2603	3	261	59
2604	4	261	7
2605	5	261	78
2606	6	261	82
2607	7	261	94
2608	8	261	72
2609	9	261	26
2610	10	261	89
2611	1	262	0
2612	2	262	0
2613	3	262	0
2614	4	262	26
2615	5	262	34
2616	6	262	0
2617	7	262	31
2618	8	262	96
2619	9	262	23
2620	10	262	51
2621	1	263	21
2622	2	263	42
2623	3	263	0
2624	4	263	81
2625	5	263	66
2626	6	263	48
2627	7	263	64
2628	8	263	74
2629	9	263	0
2630	10	263	94
2631	1	264	97
2632	2	264	0
2633	3	264	14
2634	4	264	22
2635	5	264	11
2636	6	264	44
2637	7	264	64
2638	8	264	33
2639	9	264	43
2640	10	264	23
2641	1	265	0
2642	2	265	82
2643	3	265	0
2644	4	265	11
2645	5	265	76
2646	6	265	0
2647	7	265	18
2648	8	265	49
2649	9	265	6
2650	10	265	3
2651	1	266	13
2652	2	266	0
2653	3	266	32
2654	4	266	3
2655	5	266	0
2656	6	266	19
2657	7	266	0
2658	8	266	3
2659	9	266	0
2660	10	266	72
2661	1	267	21
2662	2	267	77
2663	3	267	84
2664	4	267	7
2665	5	267	52
2666	6	267	0
2667	7	267	37
2668	8	267	58
2669	9	267	41
2670	10	267	0
2671	1	268	1
2672	2	268	49
2673	3	268	16
2674	4	268	56
2675	5	268	87
2676	6	268	88
2677	7	268	81
2678	8	268	79
2679	9	268	17
2680	10	268	12
2681	1	269	63
2682	2	269	0
2683	3	269	0
2684	4	269	21
2685	5	269	97
2686	6	269	27
2687	7	269	99
2688	8	269	99
2689	9	269	7
2690	10	269	0
2691	1	270	0
2692	2	270	41
2693	3	270	0
2694	4	270	98
2695	5	270	64
2696	6	270	0
2697	7	270	28
2698	8	270	46
2699	9	270	69
2700	10	270	16
2701	1	271	97
2702	2	271	44
2703	3	271	64
2704	4	271	0
2705	5	271	92
2706	6	271	52
2707	7	271	62
2708	8	271	39
2709	9	271	71
2710	10	271	57
2711	1	272	37
2712	2	272	39
2713	3	272	26
2714	4	272	27
2715	5	272	51
2716	6	272	26
2717	7	272	41
2718	8	272	99
2719	9	272	0
2720	10	272	32
2721	1	273	22
2722	2	273	93
2723	3	273	0
2724	4	273	0
2725	5	273	64
2726	6	273	89
2727	7	273	11
2728	8	273	0
2729	9	273	0
2730	10	273	43
2731	1	274	97
2732	2	274	56
2733	3	274	31
2734	4	274	27
2735	5	274	93
2736	6	274	0
2737	7	274	67
2738	8	274	1
2739	9	274	14
2740	10	274	12
2741	1	275	12
2742	2	275	19
2743	3	275	53
2744	4	275	14
2745	5	275	18
2746	6	275	11
2747	7	275	0
2748	8	275	0
2749	9	275	1
2750	10	275	62
2751	1	276	69
2752	2	276	0
2753	3	276	46
2754	4	276	2
2755	5	276	66
2756	6	276	99
2757	7	276	24
2758	8	276	41
2759	9	276	7
2760	10	276	89
2761	1	277	17
2762	2	277	24
2763	3	277	64
2764	4	277	43
2765	5	277	1
2766	6	277	33
2767	7	277	91
2768	8	277	83
2769	9	277	0
2770	10	277	29
2771	1	278	67
2772	2	278	0
2773	3	278	42
2774	4	278	74
2775	5	278	0
2776	6	278	4
2777	7	278	94
2778	8	278	59
2779	9	278	0
2780	10	278	58
2781	1	279	0
2782	2	279	97
2783	3	279	52
2784	4	279	39
2785	5	279	0
2786	6	279	0
2787	7	279	72
2788	8	279	9
2789	9	279	69
2790	10	279	74
2791	1	280	0
2792	2	280	57
2793	3	280	0
2794	4	280	96
2795	5	280	57
2796	6	280	22
2797	7	280	3
2798	8	280	77
2799	9	280	71
2800	10	280	0
2801	1	281	86
2802	2	281	0
2803	3	281	94
2804	4	281	76
2805	5	281	56
2806	6	281	44
2807	7	281	64
2808	8	281	59
2809	9	281	0
2810	10	281	47
2811	1	282	34
2812	2	282	0
2813	3	282	2
2814	4	282	91
2815	5	282	92
2816	6	282	0
2817	7	282	94
2818	8	282	66
2819	9	282	71
2820	10	282	2
2821	1	283	46
2822	2	283	31
2823	3	283	4
2824	4	283	0
2825	5	283	14
2826	6	283	0
2827	7	283	0
2828	8	283	0
2829	9	283	88
2830	10	283	1
2831	1	284	13
2832	2	284	63
2833	3	284	0
2834	4	284	78
2835	5	284	0
2836	6	284	0
2837	7	284	42
2838	8	284	0
2839	9	284	63
2840	10	284	78
2841	1	285	81
2842	2	285	26
2843	3	285	36
2844	4	285	88
2845	5	285	31
2846	6	285	86
2847	7	285	63
2848	8	285	4
2849	9	285	37
2850	10	285	0
2851	1	286	12
2852	2	286	0
2853	3	286	98
2854	4	286	0
2855	5	286	89
2856	6	286	14
2857	7	286	36
2858	8	286	52
2859	9	286	73
2860	10	286	91
2861	1	287	0
2862	2	287	22
2863	3	287	16
2864	4	287	34
2865	5	287	23
2866	6	287	94
2867	7	287	0
2868	8	287	82
2869	9	287	94
2870	10	287	0
2871	1	288	42
2872	2	288	83
2873	3	288	43
2874	4	288	6
2875	5	288	0
2876	6	288	54
2877	7	288	21
2878	8	288	24
2879	9	288	93
2880	10	288	7
2881	1	289	43
2882	2	289	61
2883	3	289	0
2884	4	289	0
2885	5	289	13
2886	6	289	19
2887	7	289	86
2888	8	289	56
2889	9	289	54
2890	10	289	57
2891	1	290	0
2892	2	290	0
2893	3	290	92
2894	4	290	47
2895	5	290	0
2896	6	290	82
2897	7	290	17
2898	8	290	21
2899	9	290	0
2900	10	290	36
2901	1	291	38
2902	2	291	94
2903	3	291	34
2904	4	291	66
2905	5	291	42
2906	6	291	68
2907	7	291	41
2908	8	291	53
2909	9	291	99
2910	10	291	82
2911	1	292	57
2912	2	292	0
2913	3	292	3
2914	4	292	6
2915	5	292	31
2916	6	292	83
2917	7	292	98
2918	8	292	28
2919	9	292	21
2920	10	292	0
2921	1	293	78
2922	2	293	19
2923	3	293	42
2924	4	293	38
2925	5	293	62
2926	6	293	0
2927	7	293	12
2928	8	293	0
2929	9	293	17
2930	10	293	39
2931	1	294	3
2932	2	294	81
2933	3	294	71
2934	4	294	33
2935	5	294	88
2936	6	294	0
2937	7	294	32
2938	8	294	0
2939	9	294	27
2940	10	294	66
2941	1	295	44
2942	2	295	24
2943	3	295	7
2944	4	295	23
2945	5	295	0
2946	6	295	14
2947	7	295	0
2948	8	295	2
2949	9	295	7
2950	10	295	34
2951	1	296	64
2952	2	296	69
2953	3	296	91
2954	4	296	34
2955	5	296	94
2956	6	296	68
2957	7	296	49
2958	8	296	24
2959	9	296	94
2960	10	296	37
2961	1	297	51
2962	2	297	99
2963	3	297	2
2964	4	297	0
2965	5	297	48
2966	6	297	19
2967	7	297	74
2968	8	297	97
2969	9	297	89
2970	10	297	16
2971	1	298	19
2972	2	298	93
2973	3	298	0
2974	4	298	74
2975	5	298	0
2976	6	298	77
2977	7	298	0
2978	8	298	14
2979	9	298	87
2980	10	298	22
2981	1	299	0
2982	2	299	66
2983	3	299	6
2984	4	299	0
2985	5	299	52
2986	6	299	0
2987	7	299	79
2988	8	299	88
2989	9	299	68
2990	10	299	24
2991	1	300	0
2992	2	300	43
2993	3	300	87
2994	4	300	83
2995	5	300	67
2996	6	300	32
2997	7	300	23
2998	8	300	31
2999	9	300	39
3000	10	300	37
